2338305
2400772
2351625
2369035
2317838
2387987
2316309
2366487
2390558
2360351
2369061
2337841
2395698
2397745
2406961
2367029
2316346
2341439
2397248
2409027
2331209
2395214
2368592
2368593
2319972
2363495
2369639
2356332
2354799
2327152
2359920
2323066
2363515
2397822
2357886
2404995
2409098
2342028
2408077
2391694
2378388
2357397
2416788
2371735
2403481
2404507
2359453
2367141
2404518
687
2369202
2366137
2359486
2378978
2406631
2389224
2349801
2375918
2412788
2388729
2408188
2361085
2322177
2385668
2334992
2332434
2336019
2389778
2410261
2416409
2384666
2337567
2338593
2407714
2336550
2370349
2391346
2350388
2358068
2404660
2370880
2367810
4420
2374985
2397522
2399574
2346328
2319193
2402652
2338141
2352990
2394974
2377064
2374505
2352491
2365809
2360183
2367352
2345340
2335613
2348414
2323840
2356100
2416004
2322831
2366864
2317722
2331037
2365342
2316191
2367903
1951
2397605
2411432
2400169
2404780
2372014
2353583
2364339
2407348
2355125
2406327
2487
2403770
2379195
2328512
2414019
2377171
2317269
2371033
2393054
2393055
2365408
285671
2379249
2402290
2406387
2356729
2396667
