1592832
2406404
2387981
2354701
2338324
2363925
2360854
2416148
2372633
2336287
2598
2381864
2408502
2411576
2367034
2401855
2371136
2340426
2400330
2368591
2344528
2374223
2359890
2346067
2358357
2645
713312
2392690
2352243
2355315
2355319
2366584
2402425
2346618
2394240
2389124
2333318
2339976
2320011
2368653
2346641
2387092
2708
2372760
2345122
2341539
2352822
2416310
2318530
2398915
1592521
2367178
2324685
2408146
2391259
2413789
2417373
2331360
2382053
2329318
2362598
2408169
2361591
2399992
2413308
2381567
2331907
2359555
2376967
2401032
2339593
2322706
2386195
2376470
2409752
2400029
2323750
2339624
2333481
2341160
2333484
2353968
2410288
2365235
2361146
2347836
2345796
2399559
2417997
2326354
2357590
2348375
2409816
2349915
2416989
2394976
2318180
2341747
713083
2328446
2333055
2393989
2372497
2411412
2370972
2355619
2413991
2415536
2334646
2358713
2322875
2341311
2361792
2389951
2342854
2349511
2336712
2371529
2393543
2330062
2410449
2335700
2414038
2526
2371551
2529
2386921
2341360
2360308
2395124
1160182
2329591
2400758
2352124
